4294967278,452
4294967278,449
4294967278,352
4294967278,453
4294967279,323
4294967279,325
4294967279,322
4294967279,547
4294967279,523
4294967279,14
4294967279,12
4294967279,521
4294967279,260
4294967279,244
4294967278,256
4294967278,357
4294967279,513
4294967278,356
4294967278,254
4294967278,322
4294967278,250
4294967279,316
4294967278,248
4294967279,246
4294967294,189
4294967294,463
4294967294,453
4294967278,244
4294967278,245
4294967278,240
4294967278,241
4294967278,239
4294967294,1091
4294967294,190
4294967294,185
4294967294,996
4294967279,235
4294967279,314
4294967278,233
4294967278,231
4294967278,229
103,8
4294967278,227
4294967279,551
4294967278,219
4294967279,217
4294967279,550
4294967278,210
4294967278,213
103,7
103,6
4294967278,212
103,5
103,4
4294967278,211
103,3
103,2
103,1
4294967278,316
4294967279,549
4294967279,207
4294967278,206
4294967279,548
4294967278,351
4294967278,203
4294967278,451
4294967279,546
4294967279,200
4294967278,202
4294967279,202
4294967278,201
4294967278,200
4294967278,461
4294967278,460
4294967279,306
4294967278,196
4294967279,196
4294967278,374
4294967279,559
4294967278,194
4294967279,194
4294967279,193
4294967279,535
4294967278,348
4294967279,192
4294967279,191
4294967279,543
4294967278,190
4294967279,188
4294967279,187
4294967278,186
4294967279,186
4294967278,184
4294967278,308
4294967278,182
4294967279,183
99,7
4294967279,575
4294967279,180
4294967279,300
4294967278,178
4294967279,178
4294967278,292
4294967278,176
4294967278,173
99,6
99,5
4294967278,172
99,4
4294967279,172
99,3
99,2
99,1
4294967278,168
4294967278,167
4294967278,365
4294967279,166
4294967279,296
4294967279,161
4294967279,162
4294967279,292
4294967279,160
4294967278,158
4294967279,158
4294967278,448
4294967279,321
4294967278,340
4294967279,153
96,6
4294967278,260
4294967279,331
4294967279,149
4294967279,148
4294967279,147
4294967278,145
96,5
96,4
4294967278,144
96,3
96,2
96,1
4294967294,1420
4294967278,140
4294967278,136
94,6
4294967279,284
4294967279,524
4294967294,1002
4294967294,1013
4294967279,268
4294967278,276
4294967278,288
4294967278,287
94,5
94,4
4294967279,265
94,3
94,2
94,1
4294967278,269
4294967294,1421
4294967278,265
4294967279,275
4294967279,258
4294967278,263
92,6
4294967294,396
4294967294,1171
4294967294,1172
4294967294,167
4294967294,110
4294967294,175
4294967294,461
4294967294,191
4294967294,465
4294967279,519
4294967279,281
92,5
92,4
92,3
92,2
92,1
4294967278,347
4294967294,387
4294967294,388
91,5
91,4
4294967279,319
91,3
91,2
91,1
4294967279,318
4294967278,355
90,5
90,4
4294967279,239
90,3
90,2
90,1
4294967279,315
4294967278,354
4294967279,330
4294967279,231
4294967278,234
4294967279,234
4294967279,232
4294967278,232
89,5
89,4
89,3
89,2
89,1
4294967279,225
4294967278,224
4294967278,218
4294967279,221
4294967278,221
4294967278,216
4294967279,569
4294967279,213
4294967294,468
4294967294,469
4294967294,1
4294967294,1001
4294967294,186
4294967294,1000
4294967294,1175
4294967279,313
4294967278,317
87,4
87,3
87,2
87,1
4294967278,353
4294967279,209
0,7
4294967294,29
4294967278,208
4294967279,329
4294967294,89
4294967294,1417
4294967294,1095
4294967294,182
4294967294,1008
4294967294,163
4294967278,372
4294967294,5
4294967278,315
4294967294,389
4294967294,390
4294967294,44
4294967294,115
4294967294,114
4294967294,120
4294967294,424
4294967294,2
4294967278,350
4294967279,568
4294967294,46
4294967278,330
4294967278,346
4294967278,0
4294967278,349
4294967279,328
4294967279,542
4294967279,0
4294967279,309
4294967294,40
4294967294,38
4294967294,37
4294967279,308
4294967294,107
4294967294,90
4294967294,86
4294967294,84
4294967294,45
4294967294,427
4294967294,96
4294967294,94
4294967278,376
4294967294,9
4294967294,8
4294967294,22
4294967294,42
4294967294,99
4294967294,76
4294967294,36
4294967294,39
4294967294,436
4294967294,43
4294967294,51
4294967294,52
4294967294,1018
4294967294,81
4294967294,82
4294967294,1418
4294967294,68
4294967294,11
4294967294,92
4294967294,88
4294967279,198
4294967278,197
4294967279,197
4294967278,375
4294967279,566
4294967294,6
4294967293,131
4294967293,130
4294967293,129
4294967293,128
4294967293,127
4294967293,126
4294967293,125
4294967293,124
4294967293,123
4294967293,122
4294967293,121
4294967293,120
4294967293,119
4294967293,118
4294967293,117
4294967293,116
4294967293,115
4294967293,114
4294967293,113
4294967293,112
4294967293,111
4294967293,110
4294967293,109
4294967293,108
4294967293,107
4294967293,106
4294967293,105
4294967293,104
4294967293,103
4294967293,102
4294967293,101
4294967293,100
4294967293,99
4294967293,98
4294967293,97
4294967293,96
4294967293,95
4294967293,94
4294967293,93
4294967293,92
4294967293,91
4294967293,90
4294967293,89
4294967293,87
4294967293,86
4294967293,85
4294967293,84
4294967293,83
4294967293,82
4294967293,81
4294967293,80
4294967293,79
4294967293,78
4294967293,77
4294967293,76
4294967293,75
4294967293,74
4294967293,73
4294967293,72
4294967293,71
4294967293,70
4294967293,69
4294967293,68
4294967293,67
4294967293,66
4294967293,65
4294967293,64
4294967293,63
4294967293,62
4294967293,61
4294967293,60
4294967293,59
4294967293,58
4294967293,57
4294967293,56
4294967293,55
4294967293,54
4294967293,53
4294967293,52
4294967293,51
4294967293,50
4294967293,49
4294967293,48
4294967293,47
4294967293,46
4294967293,45
4294967293,44
4294967293,43
4294967293,42
4294967293,41
4294967293,40
4294967293,39
4294967293,38
4294967293,37
4294967293,36
4294967293,35
4294967293,34
4294967293,33
4294967293,32
